Wed. Apr. 23, 2014             LANDSAT 5                 Time: 10:54
                         Image Assessment System
                           GCP Residual Report
----------------------------------------------------------------------------
WOID: L11102026            Path/Row: 183 / 033

L0R Reference Image: L51MTI1003285080100_HDF.141131544
Acquisition Date: Oct 12, 2003

Band Number:  5

GeoCover date for each WRS-2 path/row used:
Path  Row   Date
183   033   2000-08-24


Point_ID      Latitude  Longitude    Height       Across    Along    Residual  Residual
                                                   Scan      Scan      In y      in x
                                                 Residual  Residual    dir       dir
                (deg)     (deg)     (meters)     (meters)  (meters)  (meters)  (meters)

1830330002   39.349018   22.932737    41.000      -1.434     0.450    -1.489     0.221
1830330003   38.168316   23.901654   258.000      -3.914     1.188    -4.049     0.558
1830330004   39.334572   24.325132   165.329       1.566    -3.350     2.070    -3.067
1830330006   38.838896   23.427950   145.887       3.837    -2.919     4.245    -2.284
1830330008   38.960861   23.359062   155.308       0.304    -1.461     0.527    -1.396
1830330009   38.280219   23.890676   259.281       3.780     0.638     3.634     1.223
1830330010   38.207747   23.825458   487.420      -1.022     3.081    -1.491     2.881
1830330011   38.344577   22.326288    93.265      -3.090    -6.542    -2.027    -6.943
1830330012   38.520418   23.690395   220.894       0.015    -2.334     0.381    -2.303
1830330013   38.834983   24.378440    43.000      -2.635     2.328    -2.964     1.888
1830330014   39.292979   23.953810    57.470      -0.932     3.234    -1.423     3.050
1830330015   39.149932   23.881521    54.011      -1.493    -1.705    -1.209    -1.917
1830330016   38.862304   23.340588   735.010      -2.372     0.445    -2.410     0.069
1830330017   39.598250   22.914842   155.944       4.281     6.060     3.285     6.647
1830330018   38.070281   23.995219    48.498       1.766    -1.290     1.950    -0.997
1830330019   38.635434   24.109582   259.419      -0.259    -0.990    -0.099    -1.018
1830330020   39.538088   22.956822   451.037      -5.292     1.157    -5.405     0.322
1830330021   38.064448   23.815831   331.003      -0.446    -1.057    -0.273    -1.114
1830330022   39.338029   22.826618   395.741      -0.078    -1.288     0.121    -1.284
1830330023   38.392374   23.090415   131.948       0.637     6.779    -0.435     6.793
1830330025   38.847174   24.349297    45.481      -3.929     1.774    -4.157     1.138
1830330026   38.910541   22.615628    38.169      -1.716    -4.681    -0.966    -4.891
1830330027   39.335933   23.254331    42.880       2.450     3.335     1.900     3.674
1830330028   38.197596   23.536314   566.688       1.938    -0.789     2.037    -0.475
1830330029   38.739673   23.493264    93.508       6.530    -4.869     7.211    -3.789
1830330030   38.833217   22.936330    42.563      -2.259    -0.171    -2.206    -0.523
1830330032   38.111505   23.870666   468.135       0.302     0.629     0.202     0.669
1830330033   38.880713   23.051742   109.056      -0.028    -3.800     0.564    -3.758
1830330034   39.115649   23.734064    56.319       4.894     1.816     4.553     2.556
1830330035   38.178116   23.574334   638.917       0.311    -2.693     0.730    -2.609
1830330036   39.010966   23.327121   140.026       4.562    -1.159     4.686    -0.435
1830330037   38.614379   23.919894   857.934      -0.235    -0.376    -0.172    -0.408
1830330038   38.366937   23.415181   177.321      -5.048     0.534    -5.068    -0.264
1830330039   38.892493   22.706190    86.646      -1.540     1.051    -1.687     0.797
1830330040   38.177026   23.053766    61.109      -3.844    -0.133    -3.776    -0.735
1830330041   38.213431   22.964331    52.321       0.722     1.984     0.400     2.072
1830330042   38.465803   22.922680   145.626      -1.701     0.086    -1.695    -0.182
1830330043   38.176589   22.968821    61.365      -2.785     0.357    -2.807    -0.085
1830330044   39.001686   23.206614    75.527       5.096    -3.297     5.547    -2.463
1830330045   38.811090   23.319909   445.962       1.693    -1.997     1.983    -1.707
1830330046   38.046264   23.807614   249.479       2.348     2.225     1.970     2.567
1830330047   38.003925   24.021551    62.252      -0.631     0.430    -0.688     0.325
1830330048   38.050692   23.989635    86.740      -1.160     1.987    -1.456     1.780
1830330049   39.133014   23.855152    55.219       1.284    -0.558     1.356    -0.352
1830330050   38.418125   22.417664    35.000       0.480     0.490     0.394     0.558
1830330051   38.381429   24.207856    55.974      -2.690     4.549    -3.368     4.073
1830330052   39.327515   23.156617   456.815      -2.167     4.122    -2.781     3.732
1830330053   38.259162   23.564166   327.968      -0.089    -0.971     0.065    -0.973
1830330054   38.305417   23.843996   165.259       2.580    -2.385     2.923    -1.951
1830330055   38.600723   23.641726   118.728       1.842    -2.326     2.184    -2.010
1830330056   39.306985   22.858168   179.933      -0.171    -3.567     0.384    -3.550
1830330057   39.480282   23.079367   752.625      -2.031     5.014    -2.783     4.632
1830330058   38.754008   23.032228    39.000       4.477     3.692     3.843     4.344
1830330059   38.534361   23.647899    97.065       4.358     0.271     4.263     0.949
1830330060   39.302767   22.672969   356.378       2.021    -6.590     3.018    -6.193
1830330061   39.161260   23.904201    46.852      -3.545     0.258    -3.542    -0.298
1830330062   38.225580   22.865960    40.724       0.709     3.043     0.221     3.115
1830330063   39.090161   22.774073   344.502       3.018    -1.708     3.243    -1.218
1830330064   38.799888   22.542308    54.095       1.284    -5.250     2.086    -4.985
1830330065   39.298098   22.640156   426.989      -6.496     1.509    -6.649     0.481
1830330066   38.177169   23.076373    74.947      -0.359     0.916    -0.498     0.847
1830330067   38.307790   22.628239    47.992      -4.587     3.559    -5.090     2.795
1830330069   39.156855   22.848309    48.261      -1.382    -0.791    -1.244    -0.997
1830330070   38.780637   22.505284   551.739      -0.715    -1.125    -0.532    -1.223
1830330072   38.954823   23.442288    43.362      -6.402     0.844    -6.456    -0.165
1830330073   38.202500   22.987334    46.005      -5.279     4.637    -5.942     3.750
1830330074   38.735335   22.888471   173.736       4.588    -3.629     5.095    -2.868
1830330075   38.602404   22.573210  1211.284      -2.384    -2.966    -1.889    -3.297
1830330077   38.179605   23.029864    59.783      -4.901     1.102    -5.014     0.318
1830330079   38.798959   24.491391    62.087      -1.469     1.378    -1.664     1.132
1830330080   38.109441   23.822006   322.494       0.749     0.112     0.724     0.229
1830330081   39.384907   22.968557   191.735      -0.758    -3.115    -0.266    -3.195
1830330082   38.402647   23.847118    44.963      -1.613    -2.124    -1.259    -2.351
1830330083   38.855478   23.057239   198.765      -2.748     0.117    -2.733    -0.314
1830330084   38.357564   22.645491    40.939      -4.434     0.296    -4.426    -0.403
1830330085   39.309535   23.178680   217.931       5.843    -0.505     5.848     0.407
1830330087   38.627211   23.064137   170.351       4.367     1.036     4.148     1.705
1830330088   39.168819   22.626036   345.202      -2.919     4.053    -3.515     3.546
1830330089   38.745362   22.596709   726.419       4.737     1.303     4.466     2.022
1830330090   38.218097   22.927449    49.245      -2.141     0.849    -2.249     0.501
1830330091   38.246643   23.781378   272.318      -0.090    -1.671     0.175    -1.664
1830330092   38.816780   23.264122   356.647       1.685    -1.942     1.966    -1.655
1830330093   38.164579   23.343089   549.416       0.619     1.330     0.403     1.410
1830330094   38.180320   22.906588    38.000      -0.528     2.038    -0.842     1.929
1830330095   38.791302   23.322721   349.893       2.836     1.404     2.580     1.828
1830330096   38.376393   22.999295   389.157       1.172     1.120     0.980     1.288
1830330097   38.350623   22.907271   462.779       0.743    -0.206     0.764    -0.088
1830330098   39.172859   23.522389    56.765      -1.363     3.141    -1.836     2.890
1830330099   38.796326   23.498347    57.817       3.565    -4.555     4.233    -3.943
1830330100   39.333828   23.223287   326.065       2.848    -0.033     2.816     0.409
1830330101   38.887573   22.728208    60.378      -1.838    -3.747    -1.232    -3.988
1830330102   38.340352   23.680628    39.561       3.242    -0.555     3.291    -0.039
1830330103   38.790538   23.279179   320.651       2.876     0.927     2.694     1.364
1830330104   39.382744   23.062188   860.406       5.428     4.291     4.686     5.074
1830330105   38.382022   22.384674    38.993       1.083     3.331     0.543     3.457
1830330106   39.368945   23.195847   369.915       1.786     5.784     0.863     5.986
1830330107   38.656456   24.029491   578.386      -2.365    -4.688    -1.601    -4.998
1830330109   39.162431   22.713388   166.636      -1.136    -6.720    -0.077    -6.813
1830330111   38.198539   23.579849   576.718       1.763    -3.586     2.303    -3.262
1830330112   39.775037   22.795036   591.784       0.454     5.170    -0.356     5.171
1830330113   38.418174   23.511029   269.057       1.113     0.080     1.087     0.253
1830330114   38.180139   22.884322    46.740      -0.548     2.961    -1.007     2.837
1830330115   38.909282   23.102037   262.294       0.469    -0.540     0.546    -0.461
1830330117   39.147647   23.262888   268.034      -1.418     3.086    -1.881     2.826
1830330118   38.944021   22.837576   250.507      -2.213     0.745    -2.303     0.390
1830330119   39.074570   24.121154    45.776      -1.873     3.402    -2.379     3.069
1830330120   38.916904   23.299825   660.060       1.177     2.244     0.810     2.397
1830330121   38.468376   23.437817   268.805      -0.528     1.190    -0.708     1.092
1830330122   39.194058   23.239020   316.121      -2.822     0.207    -2.820    -0.235
1830330123   38.899120   23.169882   339.889       3.624    -1.168     3.759    -0.589
1830330125   38.193736   23.476581   532.438       0.653    -0.075     0.656     0.028
1830330126   38.430124   22.922420   267.053       2.352    -0.895     2.460    -0.516
1830330127   38.549702   23.721432   119.222       3.949    -4.771     4.648    -4.094
1830330128   38.434912   22.894021   238.912       1.972    -3.629     2.514    -3.275
1830330129   38.362652   22.399413    62.336      -3.221     3.187    -3.683     2.642
1830330130   38.048297   23.744455   164.043       0.191    -1.494     0.425    -1.445
1830330131   39.130943   23.498335    42.000       2.856     0.791     2.698     1.226
1830330132   38.124575   23.203213    60.455      -2.478    -1.222    -2.255    -1.597
1830330133   39.183043   23.488719   153.829      -1.727     1.048    -1.869     0.766
1830330134   38.448519   24.105317   128.391      -3.093     3.019    -3.526     2.497
1830330136   38.076166   23.538951    85.296       0.028    -2.159     0.368    -2.128
1830330137   38.931445   24.461902    59.293      -4.365    -0.186    -4.282    -0.866
1830330138   38.228802   22.815662    60.942      -0.480    -1.482    -0.243    -1.540
1830330139   38.918866   23.226536   319.187       2.419    -1.516     2.624    -1.120
1830330140   39.089319   23.070955    49.196      -2.323    -1.061    -2.131    -1.410
1830330141   38.356874   22.954470   460.564       2.288    -1.203     2.445    -0.830
1830330142   38.055821   23.837379   347.208       0.358     2.002     0.040     2.033
1830330143   39.270099   23.220228   336.516      -0.254    -0.583    -0.162    -0.616
1830330144   39.637907   22.801273   726.731      -1.243    -6.981    -0.147    -7.081
1830330145   38.682384   23.092966    39.708      -1.526     3.564    -2.065     3.281
1830330146   38.724567   23.061760    40.923       3.523     5.692     2.588     6.171
1830330148   39.177201   23.432605    55.090       2.931    -3.086     3.375    -2.593
1830330149   38.536287   22.624085  2285.658      -0.268     3.154    -0.758     3.060
1830330150   39.232929   23.283351   233.799      -4.783     4.309    -5.395     3.511
1830330151   38.945996   23.304919   450.198       3.562    -2.308     3.876    -1.724
1830330152   38.886836   23.410215   332.063      -0.487    -0.242    -0.443    -0.316
1830330153   38.564774   23.629736    49.453       4.013    -0.745     4.082    -0.107
1830330154   38.080853   23.785341   254.521       0.706     1.586     0.450     1.677
1830330155   38.559473   22.685892   668.108      -2.494     2.744    -2.891     2.316
1830330156   38.824348   23.207693    39.910       0.094    -2.463     0.477    -2.419
1830330157   38.888733   22.777005    89.323      -1.303    -4.702    -0.554    -4.848
1830330158   39.756709   22.791759   582.435      -5.098     3.793    -5.622     2.955
1830330159   39.150644   23.289367   218.781      -1.540     3.160    -2.014     2.881
1830330160   38.805707   22.592183    63.980      -1.303    -6.008    -0.350    -6.137
1830330161   38.608216   23.668870   234.394       0.478    -2.577     0.876    -2.470
1830330162   38.626991   23.091699    98.226       4.735     3.212     4.172     3.912
1830330163   38.148064   23.900851   398.935      -0.347    -3.768     0.250    -3.775
1830330164   38.650972   24.155059    68.695      -3.710     1.881    -3.957     1.278
1830330165   38.190225   22.929112    53.274      -5.207    -1.552    -4.899    -2.350
1830330167   38.657012   23.565888   688.998      -2.289    -1.413    -2.038    -1.752
1830330168   38.282602   22.551877    38.230      -3.530    -0.700    -3.378    -1.245
1830330169   38.592570   23.883882   899.507      -1.327     1.918    -1.607     1.685
1830330170   38.419546   23.584604    67.035       0.916    -3.451     1.446    -3.265
1830330171   38.661979   22.737942   457.231      -0.194     5.267    -1.017     5.167
1830330173   39.109967   23.080233   330.735      -3.396     4.731    -4.091     4.141
1830330174   38.457357   22.893576   162.901       5.316     2.551     4.848     3.350
1830330175   38.750871   22.569215   970.635       1.764     1.434     1.512     1.688
1830330176   38.600008   22.724045   191.830       3.830     0.212     3.746     0.806
1830330177   38.930338   23.358050   522.911      -1.494    -0.590    -1.383    -0.816
1830330178   38.174712   24.206296    42.192      -3.554    -0.140    -3.487    -0.697
1830330179   39.289390   23.284837    49.982      -4.058     3.231    -4.512     2.560
1830330180   38.579593   23.298321    51.569       0.585     1.746     0.304     1.816
1830330181   38.307784   23.319217   292.719       0.813     1.359     0.589     1.469
1830330183   39.078728   22.980479    95.310       2.792    -1.235     2.948    -0.786
1830330184   39.098907   23.109046    70.618      -0.765    -3.041    -0.283    -3.124
1830330185   38.563993   23.604232    44.661      -1.309    -5.544    -0.425    -5.681
1830330186   38.934741   24.487321    88.186       3.778     1.192     3.550     1.768
1830330187   38.916067   23.188736   218.717       3.345    -1.824     3.587    -1.280
1830330188   39.093628   23.728010   273.521       2.577    -4.905     3.310    -4.443
1830330189   38.729695   23.517417   164.298       4.613    -2.505     4.947    -1.754
1830330190   38.649402   22.383945  1031.549       1.413     3.066     0.910     3.242
1830330191   38.436308   24.035036   107.398       1.816    -0.214     1.829     0.073
1830330192   38.586339   22.456787  1397.421      -0.828     0.313    -0.867     0.177
1830330193   39.294857   22.922550    72.422      -3.646    -1.955    -3.299    -2.498
1830330194   38.945708   23.179263   184.329       0.162    -0.428     0.225    -0.398
1830330195   39.582196   22.803323   647.851      -0.962     4.112    -1.590     3.907
1830330196   38.622100   23.253161   383.161       0.548    -1.182     0.725    -1.082
1830330198   39.494104   22.903608   208.887      -1.855    -0.596    -1.741    -0.877
1830330199   38.505087   23.554293    44.800       2.803     3.420     2.234     3.817
1830330200   38.211090   23.259612   421.778      -0.087    -0.201    -0.054    -0.213
1830330201   39.655885   22.792299   350.445       0.927     4.213     0.259     4.301
1830330202   38.821778   24.432743    52.025      -2.048     1.074    -2.188     0.741
1830330203   38.950482   23.404063   159.138       1.378     0.706     1.250     0.912
1830330204   38.297792   22.685306    36.000      -2.667     3.818    -3.234     3.351
1830330205   39.338046   24.141897   123.182      -3.577    -0.982    -3.381    -1.527
1830330206   38.177567   23.855109   314.386      -1.136     0.188    -1.149     0.007
1830330208   39.034776   24.062572    51.888       0.667     0.232     0.624     0.333
1830330209   38.061403   23.632462    95.338       0.892     0.290     0.836     0.427
1830330210   38.269024   23.691031   122.302       1.624     1.536     1.364     1.772
1830330211   39.304563   23.125993    46.567      -1.689    -4.601    -0.954    -4.808
1830330212   38.988861   23.269250   230.521       5.840    -0.175     5.793     0.736
1830330213   38.564359   23.219337   237.292      -0.470     1.387    -0.682     1.295
1830330214   38.531999   24.216602    57.191      -2.747     3.703    -3.292     3.228
1830330216   38.352625   23.165482   128.425       4.045     5.466     3.137     6.030
1830330217   38.408730   24.024950   108.483       2.074    -3.623     2.618    -3.253
1830330218   38.884146   22.464925    50.632       0.276    -0.762     0.388    -0.710
1830330219   39.293850   22.615358   336.468      -2.288    -1.419    -2.040    -1.757
1830330220   38.112923   23.778006   292.024       0.921    -1.818     1.196    -1.651
1830330221   39.329283   23.028250    65.755       1.785    -1.737     2.032    -1.439
1830330222   38.679754   23.192206    41.947      -0.563     2.886    -1.008     2.761
1830330223   38.300006   24.210437   102.957      -1.822     4.392    -2.486     4.053
1830330224   38.629389   24.072453   355.616       2.145    -4.970     2.897    -4.572
1830330225   38.737636   22.929603   376.672       2.825    -1.692     3.051    -1.231
1830330226   38.837669   23.395768   284.564       2.083    -1.483     2.288    -1.140
1830330227   38.419796   23.548536   292.127       1.593    -0.266     1.615    -0.013
1830330229   38.500244   23.134809   178.878       1.318    -0.108     1.318     0.099
1830330230   38.235072   23.318960   382.024      -3.036     0.894    -3.137     0.406
1830330232   39.185416   22.767088    86.999      -2.853    -2.680    -2.402    -3.091
1830330234   38.314698   23.169843   294.706       2.700     1.025     2.504     1.434
1830330236   38.021939   23.982998    84.793       2.511    -0.808     2.609    -0.403
1830330237   38.830152   23.299103   345.347       3.465    -5.116     4.219    -4.510
1830330239   38.144389   23.841151   412.980      -1.022    -1.118    -0.832    -1.264
1830330240   39.148928   23.401432    47.097      -0.600     0.497    -0.671     0.397
1830330241   39.168217   23.409726    42.884       2.071     2.133     1.713     2.429
1830330243   38.902757   22.489524    75.707       3.083    -5.096     3.837    -4.553
1830330244   39.393704   22.844094   221.283      -2.363    -1.266    -2.139    -1.617
1830330245   38.670023   24.130040    52.682      -3.887     2.283    -4.195     1.646
1830330246   38.254338   23.898904   562.673      -3.549    -0.231    -3.465    -0.785
1830330247   38.347672   23.546348   195.618      -0.169     2.733    -0.595     2.672
1830330250   38.533725   23.945877   767.729      -5.894    -6.164    -4.851    -7.005
1830330251   38.278840   23.663618   156.083      -1.522     0.356    -1.557     0.112
